====================inset=================
 [(1024, 288), (512, 172), (256, 171), (2048, 125), (768, 92), (12544, 83), (384, 59), (128, 58), (64, 51), (192, 32), (1536, 31), (320, 29), (3072, 27), (17, 26), (96, 20), (4096, 19), (4608, 9), (1280, 8), (25088, 8), (16, 8), (8, 7), (2, 6), (8192, 5), (1600, 5), (32, 5), (5, 5), (576, 4), (52, 4), (36, 4), (24, 3), (6144, 2), (16384, 2), (38, 1), (640, 1), (65536, 1), (32768, 1), (100, 1), (580, 1), (196, 1), (8208, 1), (960, 1), (2304, 1), (147, 1), (1152, 1), (1792, 1)]


====================nset=================
 [(1024, 144), (2, 51), (4, 51), (1, 47), (512, 41), (600, 36), (256, 27), (8, 27), (32, 26), (300, 25), (96, 23), (128, 22), (2050, 20), (200, 19), (192, 18), (64, 17), (16, 16), (768, 16), (1576, 14), (26, 12), (34, 12), (3456, 12), (48, 12), (1568, 12), (1536, 11), (384, 11), (196, 11), (25088, 11), (1900, 11), (6144, 10), (13824, 10), (4096, 10), (3072, 9), (392, 9), (5, 9), (10, 9), (6, 9), (7, 9), (1700, 9), (115, 9), (1960, 8), (864, 8), (36864, 8), (216, 7), (6272, 7), (1200, 7), (2048, 7), (100, 7), (30400, 7), (7600, 7), (148, 7), (109, 7), (6860, 6), (588, 6), (14, 6), (3, 6), (80, 6), (8192, 6), (121600, 6), (2000, 6), (1600, 6), (65536, 6), (16384, 6), (4800, 5), (11, 5), (12, 5), (25600, 5), (100864, 5), (43008, 5), (32768, 5), (27200, 5), (6800, 5), (147456, 5), (9216, 5), (3136, 5), (784, 5), (1152, 4), (288, 4), (25080, 4), (40194, 4), (25428, 4), (34542, 4), (23806, 4), (782, 4), (1680, 4), (1610, 4), (442, 4), (983, 4), (999, 4), (1004, 4), (973, 4), (21, 4), (968, 4), (15, 4), (713, 4), (399, 4), (460, 4), (330, 4), (108800, 4), (30, 4), (25216, 4), (24, 4), (3409, 4), (5782, 4), (6042, 4), (3397, 4), (9448, 4), (589824, 4), (12544, 4), (788, 4), (25, 3), (7808, 3), (4864, 3), (72, 3), (36, 3), (144, 3), (882, 3), (248, 3), (240, 3), (35, 3), (1601, 3), (1750, 3), (1025, 3), (1174, 3), (8448, 3), (3430, 2), (980, 2), (294, 2), (98, 2), (832, 2), (1664, 2), (160, 2), (176, 2), (232, 2), (108, 2), (103680, 2), (25920, 2), (6480, 2), (1620, 2), (92928, 2), (23232, 2), (5808, 2), (1452, 2), (55296, 2), (73216, 2), (18304, 2), (4576, 2), (1144, 2), (125048, 2), (32340, 2), (8624, 2), (2352, 2), (110838, 2), (29400, 2), (7840, 2), (116, 2), (436, 2), (352, 2), (412, 2), (117, 2), (420, 2), (66, 2), (400, 2), (128000, 2), (32000, 2), (8000, 2), (131200, 2), (32800, 2), (8200, 2), (1920, 2), (13, 2), (150, 2), (9, 2), (1569, 2), (35378, 2), (9800, 2), (2450, 2), (2888, 1), (1250, 1), (722, 1), (325, 1), (3528, 1), (2312, 1), (578, 1), (28, 1), (264, 1), (556, 1), (252, 1), (104, 1), (312, 1), (180, 1), (844, 1), (320, 1), (18, 1), (42, 1), (14336, 1), (59520, 1), (12800, 1)]


===================outset=================
 [(1024, 230), (256, 157), (512, 121), (768, 72), (81, 63), (384, 53), (128, 50), (1, 49), (320, 45), (2048, 41), (64, 37), (1536, 33), (192, 33), (1000, 31), (3072, 30), (2, 22), (4096, 20), (4, 18), (96, 17), (98, 17), (49, 17), (400, 14), (2304, 13), (16, 13), (32, 11), (640, 10), (1152, 10), (19, 10), (80, 9), (150, 7), (576, 6), (32768, 6), (8192, 5), (100, 5), (31, 5), (120, 5), (60, 5), (3, 5), (3920, 5), (12544, 5), (38, 4), (34, 4), (68, 4), (288, 4), (196, 4), (42, 4), (1280, 4), (21, 4), (780, 4), (540, 4), (26, 4), (10, 3), (8, 3), (92, 3), (24, 3), (101, 2), (4608, 2), (6144, 2), (15, 2), (5, 2), (266, 1), (40, 1), (252, 1), (134, 1), (41, 1), (160, 1), (93, 1), (380, 1), (3000, 1), (174, 1)]
600.0 768.0 384.0
